0 1076 1198 1722 1318 1642 9118 
1 6367 461 4772 1324 1735 487 5668 
2 4412 1028 209 3130 6902 8397 4373 905 3833 2403 
3 5103 1203 7063 4590 5866 445 5498 6217 6498 7298 
4 5544 1377 2284 3187 7931 5280 9572 7221 1916 9608 
5 2598 9480 7989 1904 845 6514 1200 8699 6214 3216 942 7870 6685 4430 5532 3128 9298 
6 9770 1223 8758 6103 9560 356 8469 3570 1178 3626 2985 8780 
7 4625 6006 5039 9035 7908 5540 4400 6077 
8 8112 751 407 5122 4469 
9 2012 2910 5218 8000 2230 1057 9775 6496 4827 
10 525 3614 1589 791 7750 561 
11 468 3636 7765 3292 4881 497 7865 499 3938 2299 7564 
12 9701 4001 9189 9452 7316 5257 7004 6742 4479 8916 8885 8104 
13 9376 7957 1503 759 6872 5624 1237 7820 8206 875 8204 
14 2638 4417 2861 4728 8233 3962 9896 9076 574 426 9310 
15 7169 4594 4391 5770 2322 4024 2801 4710 
16 2575 9785 6607 7419 7665 3658 6922 3374 2613 7298 3401 
17 198 5404 2770 8006 1999 9246 7896 4597 7750 
18 4649 9779 3848 7099 7881 6753 9935 6632 8256 6899 9913 
19 8852 2167 7673 1240 4566 4682 6879 
20 8903 3749 3469 1357 4708 1681 391 1805 9410 2571 3471 4312 